x	y	z	name	time	head	stat	flag
200409	184488	18.62	000001	0	19.88	1	3
199463	186424	17.16	000002	0	19.53	1	3
199547	186687	16.28	000003	0	18.89	1	3
199614	186892	17.99	000004	0	18.52	1	3
199635	186932	NA	000005	0	18.67	1	3
201002	185549	18.2	000006	0	19.75	1	3
200729	185506	18.1	000007	0	19.5	1	3
200403	185618	18.02	000008	0	19.12	1	3
221007	196597	69.31	000009	0	69.85	1	3
201320	185975	19.49	000010	0	20.04	1	3
201320	185975	18.81	000011	0	19.99	1	3
211110.28	193501.69	26.18	000012	0	31.48	1	3
211110.28	193501.69	12.68	000013	0	31.48	1	3
202685	184487	-44.99	000014	0	19.27	1	3
202685	184487	-63.99	000015	0	19.61	1	3
222860.16	197829.99	66.3	000016	0	70.37	1	3
222860.16	197829.99	49.3	000017	0	68.88	1	3
222860.16	197829.99	42.55	000018	0	68.54	1	3
220591.12	199321.19	54.02	000019	0	65.07	1	3
220591.12	199321.19	48.27	000020	0	63.29	1	3
220591.12	199321.19	62.72	000021	0	65.06	1	3
210786.47	195046.87	23.71	000022	0	32.53	1	3
210786.47	195046.87	15.46	000023	0	32.53	1	3
210786.47	195046.87	29.96	000024	0	32.54	1	3
214299.27	195183.48	37.07	000025	0	41.32	1	3
214299.27	195183.48	17.82	000026	0	41.3	1	3
214299.27	195183.48	13.82	000027	0	41.3	1	3
208191.5	193322.8	26.57	000028	0	28.63	1	3
208191.5	193322.8	18.52	000029	0	28.62	1	3
208191.5	193322.8	11.32	000030	0	28.61	1	3
207687.44	191822.74	18.62	000031	0	27.05	1	3
207687.44	191822.74	11.62	000032	0	27.04	1	3
202220.7	184068.4	14.03	000033	0	20.56	1	3
202220.7	184068.4	11.78	000034	0	20.54	1	3
202220.7	184068.4	19.28	000035	0	20.88	1	3
205714.34	187872.5	19.21	000036	0	23.07	1	3
205714.34	187872.5	14.46	000037	0	23.08	1	3
205714.34	187872.5	6.46	000038	0	23.05	1	3
206053.67	188963.36	12.32	000039	0	23.65	1	3
206053.67	188963.36	5.32	000040	0	23.65	1	3
206053.67	188963.36	21.07	000041	0	23.65	1	3
202390.03	186134.07	18.31	000042	0	20.91	1	3
202390.03	186134.07	9.06	000043	0	20.78	1	3
202390.03	186134.07	4.06	000044	0	20.78	1	3
202984.61	188333.67	22.73	000045	0	25.46	1	3
202984.61	188333.67	15.48	000046	0	25.26	1	3
202984.61	188333.67	5.48	000047	0	25.21	1	3
205212.37	189246.73	19.6	000048	0	25.09	1	3
205212.37	189246.73	16.35	000049	0	25.09	1	3
205212.37	189246.73	12.35	000050	0	25.1	1	3
206742.36	187645.84	16.17	000051	0	25.36	1	3
206742.36	187645.84	6.17	000052	0	25.35	1	3
206742.36	187645.84	23.42	000053	0	25.43	1	3
209408.56	190339.24	24.88	000054	0	27.03	1	3
209408.56	190339.24	20.63	000055	0	27.03	1	3
214472	196742	41.55	000056	0	42.67	1	3
214411	196862	41.08	000057	0	42.26	1	3
214347	196972	40.94	000058	0	42.26	1	3
211750	190688	-181.99	000059	0	21.75	1	3
211754	190688	5.51	000060	0	30.48	1	3
211754	190688	-98.49	000061	0	14.34	1	3
216202.71	196734.08	NA	000062	0	50.81	1	3
216202.71	196734.08	NA	000063	0	50.34	1	3
216202.71	196734.08	NA	000064	0	50.32	1	3
201583	184611	18.14	000065	0	19.87	1	3
201744	184514	18.91	000066	0	19.88	1	3
202070	184530	18.35	000067	0	20.09	1	3
201885	184397	17.9	000068	0	19.88	1	3
201500	184684	18.35	000069	0	19.67	1	3
217189	195295	52.52	000070	0	52.68	1	3
217169	195326	51.94	000071	0	52.21	1	3
217150	195352	51.37	000072	0	51.73	1	3
217138	195370	51.23	000073	0	51.97	1	3
216253	194635	45.55	000074	0	46.17	1	3
216279	194564	45.46	000075	0	45.64	1	3
212986	193133	31.28	000076	0	32.54	1	3
212972	193185	30.97	000077	0	32.85	1	3
212964	193238	32.02	000078	0	32.8	1	3
212953	193285	31.75	000079	0	32.78	1	3
216505	198076	50.73	000080	0	51.8	1	3
215043	197330	43.51	000081	0	44.9	1	3
215043	197320	43.61	000082	0	45.16	1	3
215079	197296	45.02	000083	0	45.71	1	3
215411	197466	45.01	000084	0	45.9	1	3
215408	197476	45.53	000085	0	46.44	1	3
215405	197491	46.29	000086	0	46.76	1	3
215402	197511	46.45	000087	0	47.02	1	3
216463	198293	49.59	000088	0	51.58	1	3
216442	198331	51.27	000089	0	52.01	1	3
216880	198160	53.85	000090	0	54.49	1	3
214375	196918	41.08	000091	0	41.59	1	3
214389	196897	40.66	000092	0	41.59	1	3
215108	197281	44.83	000093	0	45.87	1	3
215197	197055	44.85	000094	0	46.79	1	3
215153	197166	44.25	000095	0	45.92	1	3
215498	197301	46.47	000096	0	47.63	1	3
215449	197397	45.96	000097	0	47.07	1	3
216171	197645	52.3	000098	0	51.64	1	3
216112	197834	49.98	000099	0	51.1	1	3
216069	197954	48.81	000100	0	50.18	1	3
216062	197987	48.25	000101	0	50	1	3
215979	198071	48.33	000102	0	50.23	1	3
215948	198145	49.91	000103	0	50.38	1	3
215913	198205	49.44	000104	0	49.96	1	3
217658	197918	60.77	000105	0	61.4	1	3
217644	197912	60.98	000106	0	61.31	1	3
217567	198171	53.21	000107	0	56.04	1	3
217514	198365	54.18	000108	0	55.06	1	3
217471	198388	53.97	000109	0	55.09	1	3
217477	198437	53.9	000110	0	54.89	1	3
217451	198476	54.14	000111	0	54.73	1	3
217382	198507	53.44	000112	0	54.07	1	3
217426	198255	54.67	000113	0	55.4	1	3
217428	198311	53.96	000114	0	55.07	1	3
217424	198368	54.09	000115	0	54.83	1	3
217388	198404	53.44	000116	0	54.3	1	3
217378	198459	53.38	000117	0	54.37	1	3
217366	198546	53.34	000118	0	53.88	1	3
217267	198554	52.9	000119	0	53.69	1	3
217274	198514	52.99	000120	0	53.49	1	3
217263	198460	53.24	000121	0	53.68	1	3
217266	198420	53.28	000122	0	53.99	1	3
217314	198386	53.6	000123	0	54.28	1	3
217382	198507	50.75	000124	0	54.14	1	3
217477	198438	51.53	000125	0	54.86	1	3
217316	198329	53.39	000126	0	54.26	1	3
217320	198272	53.68	000127	0	54.89	1	3
217204	198306	52.94	000128	0	54.32	1	3
217199	198367	52.65	000129	0	53.77	1	3
217068	198393	51.72	000130	0	53.6	1	3
217058	198439	51.99	000131	0	53.71	1	3
217030	198496	NA	000132	0	53.85	1	3
217154	198541	51.26	000133	0	53.55	1	3
216880	198530	51.71	000134	0	52.97	1	3
216900	198458	51.82	000135	0	53.25	1	3
216925	198379	51.15	000136	0	53.25	1	3
216965	198300	52.27	000137	0	53.03	1	3
216969	198254	51.9	000138	0	53.33	1	3
216589	198215	50.42	000139	0	51.76	1	3
216584	198269	50.58	000140	0	51.83	1	3
216947	198063	56.43	000141	0	57.04	1	3
216851	198162	52.26	000142	0	53.81	1	3
216785	198435	50.56	000143	0	52.17	1	3
216753	198160	51.48	000144	0	53.07	1	3
216729	198210	50.61	000145	0	52.39	1	3
216583	198160	50.06	000146	0	52.08	1	3
217184	198435	51.89	000147	0	53.4	1	3
217036	198569	NA	000148	0	54.41	1	3
217079	198340	51.75	000149	0	53.73	1	3
216826	198345	49.77	000150	0	52.73	1	3
216586	198332	51.23	000151	0	51.84	1	3
216591	198297	51.1	000152	0	51.85	1	3
216624	198412	53.12	000153	0	53.71	1	3
216649	198389	52.71	000154	0	53.27	1	3
216668	198353	51.88	000155	0	52	1	3
216690	198323	51.25	000156	0	52.12	1	3
216704	198287	51.29	000157	0	52.21	1	3
216717	198251	51.34	000158	0	52.09	1	3
216654	198233	51.02	000159	0	51.85	1	3
216650	198258	50.93	000160	0	51.89	1	3
216639	198294	50.77	000161	0	51.89	1	3
216628	198327	50.89	000162	0	51.87	1	3
216623	198372	52.17	000163	0	52.91	1	3
216823	198351	51.89	000164	0	52.51	1	3
216814	198362	51.66	000165	0	52.48	1	3
216797	198362	51.17	000166	0	52.45	1	3
216823	198312	51.8	000167	0	52.38	1	3
216846	198285	51.69	000168	0	52.54	1	3
216835	198288	51.71	000169	0	52.5	1	3
216880	198254	52.13	000170	0	53.12	1	3
216851	198263	51.72	000171	0	52.73	1	3
217567	198172	55.81	000172	0	56.41	1	3
216948	198407	50.6	000173	0	53.55	1	3
216947	198408	51.96	000174	0	53.55	1	3
216802	198391	51.07	000175	0	52.43	1	3
216804	198376	50.96	000176	0	52.46	1	3
216821	198634	55.93	000177	0	56.48	1	3
216942	196878	62.05	000178	0	62.61	1	3
216942	196878	60.41	000179	0	61.93	1	3
216890	196845	59.8	000180	0	61.86	1	3
216731	196833	59.71	000181	0	60.56	1	3
216659	196838	59.22	000182	0	59.88	1	3
216568	196764	58.53	000183	0	58.98	1	3
216334	196575	NA	000184	0	58.85	1	3
216332	196575	56.98	000185	0	57.59	1	3
216241	196529	56.29	000186	0	56.46	1	3
216290	196406	62	000187	0	62.98	1	3
216235	196360	61.78	000188	0	63.45	1	3
215919	197032	NA	000189	0	50.22	1	3
216795	196806	61.28	000190	0	62	1	3
216842	198606	54.49	000191	0	55.41	1	3
214282	197080	41.37	000192	0	42.37	1	3
217985	197987	61.26	000193	0	62.73	1	3
220024	197319	66.8	000194	0	67.52	1	3
220114	197295	66.21	000195	0	67.47	1	3
219017	198882	58.02	000196	0	59.22	1	3
219042	198924	58.54	000197	0	59.61	1	3
218953	198767	57.91	000198	0	58.42	1	3
218666	198697	58.92	000199	0	59.84	1	3
218661	198770	57.14	000200	0	58.33	1	3
218005	198226	58.19	000201	0	59.21	1	3
218005	198167	58.21	000202	0	59.46	1	3
218009	198087	60.27	000203	0	60.91	1	3
217967	198867	55.62	000204	0	56.52	1	3
217963	199002	58.5	000205	0	60.01	1	3
217988	198743	53.78	000206	0	56.08	1	3
218514	198727	56.79	000207	0	57.91	1	3
218512	198771	56.31	000208	0	57.42	1	3
218649	198895	58.1	000209	0	59.64	1	3
219281	198675	59.17	000210	0	59.94	1	3
219295	198794	58.55	000211	0	59.63	1	3
218447	198865	58.57	000212	0	59.31	1	3
218398	199272	60.65	000213	0	61.42	1	3
218306	199374	61.78	000214	0	61.88	1	3
217381	197149	62.12	000215	0	63.17	1	3
220479	196611	68.15	000216	0	68.87	1	3
220483	196609	NA	000217	0	68.5	1	3
220110	198031	64.37	000218	0	66.14	1	3
217054	198920	56.6	000219	0	57.5	1	3
218503	198213	62.48	000220	0	62.77	1	3
218173	198211	60.81	000221	0	61.47	1	3
215831	198356	52.21	000222	0	52.44	1	3
215877	198283	50.64	000223	0	50.93	1	3
221283	198717	66.49	000224	0	67.45	1	3
221191	199281	65.98	000225	0	66.2	1	3
219268	198547	63.9	000226	0	64.27	1	3
218668	198626	60.77	000227	0	60.81	1	3
218519	198586	60.52	000228	0	60.83	1	3
206556	189180	21.92	000229	0	23.03	1	3
206573	189182	21.79	000230	0	22.84	1	3
206580	189184	21.77	000231	0	23.06	1	3
206585	189185	21.65	000232	0	22.79	1	3
206596	189187	21.76	000233	0	23.06	1	3
206580	189812	22.65	000234	0	23.42	1	3
206588	189804	22.6	000235	0	23.59	1	3
208144	190253	NA	000236	0	24.6	1	3
208142	190258	23.06	000237	0	24.74	1	3
208140	190261	NA	000238	0	24.38	1	3
206987	190209	24.01	000239	0	23.93	1	3
206954	190229	23.06	000240	0	24.15	1	3
206936	190255	23.52	000241	0	24.84	1	3
207101	190325	24.57	000242	0	24.47	1	3
207085	190345	24.12	000243	0	24.48	1	3
207051	190388	23.26	000244	0	24.54	1	3
221970	199205	67.14	000245	0	67.3	1	3
222290	197870	68.91	000246	0	69.64	1	3
200417	185367	18.63	000247	0	19.09	1	3
217520	198328	NA	000248	0	55.09	1	3
218316	199278	60.18	000249	0	61.02	1	3
213549	196618	38.92	000250	0	39.66	1	3
213694	196264	40.52	000251	0	41.41	1	3
218992	199679	61.65	000252	0	62.83	1	3
218805	199572	61.55	000253	0	62.45	1	3
218525	199362	60.78	000254	0	61.89	1	3
201393	186160	19.12	000255	0	19.89	1	3
201393	186160	18.77	000256	0	20.2	1	3
217430	198519	53.66	000257	0	54.64	1	3
216842	198278	51.89	000258	0	52.74	1	3
218517	198651	58.85	000259	0	59.98	1	3
218516	198682	58.23	000260	0	59.12	1	3
221680	198616	NA	000261	0	68.07	1	3
220690	198130	67.57	000262	0	68.27	1	3
